168 mnnx.

0010, 1161 000000011011011110 10
10 homogo, 901 0010000 10 receive
Henry 10 110011ος0 00 3100001 01 st.

Edmnnd’o 00 account 01 110 nonogo,
20 3 00110100 011 from 110 11010110, 201
0100000οω0010111000010001000·
01000, ond managei 11010010, 211 110
first 0010 10 0100100, 991 1000000
Williom 110 3000101221 010110 110
0100000, 331 00011001 01 Werkotoo,
991 adventure 01 Halon, 233 pm·
00011ος0 100011ος Rnngton 00 110
10011 01 1100100010 10 Rongton’o
0110111 001 10001101 110 010000
01Τ1000, 911 10 appointed by 110
Popo 0 Jodgo de 000010 cognou-
000110, 911 nudo 0 1001100 10
,Ι Eyro, 311 100110 01110 0100001100, 95
-23 1 1100000100οο0, 29-323 00100,
191, 1931 110 0010 01 1000000110, 391
101110 110 00100101 Si. 111010010-
bnry, 33 1 0010, 1291 driven 1101000
100011101000,3310010, 1131000-
0110000 1111ὰο01011 from 1101100000,
33, 311 00100, 193, 1211 100010 110
10001101 01 St. 8001000, 1100 001101
1101πο11, 33, 311 0010, 1911 mention
01110 10100100οι001 10 1101100 01
11101 Hugh, 3, 131 Samon 0010100
11001000οω000 01110100000001001,
311 givos 110 (11000101 Woolpitto
110 convent, 361 00100, 1263 110
0011 with 110100111010001000100·
1000 0000001101 1100100 mogh, 311
1101001110100 nod 110 11101 mont
110 1110ςο1 cantaburg, 3110010,
1961100οὼ 0000000111 10 110 01ιο-
001100, william 10 100101ωο,331
00101911 (1001000 1001001100οω,

10110 0000001011, 110110100 01
11000101, 331 0010, 127 3 0001010 01
110 0000001100 0111100 11101001, 193 3
hearing 01 110 101οώ000001, offero
before 110 Boronstogo 0010001110
111ος, 101 110 conduct 01 110 (1000011
1011 by 110 103010 10 london, 101
0010, 1931 00000001010, 110 King’o
1001100101 godo 10 110 01000 01
windam, 1010010, 1931110110 tho
1110110 (10000000, 101 0 1000000001
0000 11011001, 110 11101 excom-
000100100 110 party 100 11010 dioor·
10011 conduct 01 St. Edmnod'o, 101
0010, 1931 0110100 privilegio 1000
110000 100100 111. 110100 111. 001
01001001 111. 111 0010, 1931 0110-
0010 1010000 110 Enrl 01 clm 001
1101110111 1 00101931 0001010 110
01010011101010001001011101101011
1001001 01 confond, 42 3 obliges Her·
1001110000010101101000 11000101·
001101 110100100,131 0010, 1331 110-
0010011110010010100, 151 000010
110111000101000010000 0000011οο 01
101011011οο, 111 0010, 1311 110 oon·
10010111 110 11010110 01 St. Edmnnd
00 110 1000 11001011, 181 0010, 1351
000010 nait-roo 100110 ento 01 Nor-
vich, 101 0000000100 (10011000 Β1-
0100 01 1110, 100 cunning 0110000110
011010 0001 100 110 buildings 01
6100001001, 531 10100 0000 himself
10 0000101 110 101111001110 town,
531 0101010 tou from 110000010010
01 london, which 10 0010001, 511
00011000 110 111001100 01 St. Ed·
mundobury, 171 0010, 1311 0000·
010100 nudo, 110 01001, with 110

 

